  2.000000000000000E-003  2.000000000000000E-003 -0.186642147857647     
  2.000000000000000E-003  0.298270416666667      -0.197722298165363     
  2.000000000000000E-003  0.594540833333333      -0.205800644741142     
  2.000000000000000E-003  0.890811250000000      -0.212517602715897     
  2.000000000000000E-003   1.18708166666667      -0.219394520101784     
  2.000000000000000E-003   1.48335208333333      -0.226870192039992     
  2.000000000000000E-003   1.77962250000000      -0.234981142400462     
  2.000000000000000E-003   2.07589291666667      -0.243455541510919     
  2.000000000000000E-003   2.37216333333333      -0.251791564657242     
  2.000000000000000E-003   2.66843375000000      -0.259338279686360     
  2.000000000000000E-003   2.96470416666667      -0.265595396017287     
  2.000000000000000E-003   3.26097458333333      -0.269968099543982     
  2.000000000000000E-003   3.55724500000000      -0.271952045654015     
  2.000000000000000E-003   3.85351541666667      -0.271351485419574     
  2.000000000000000E-003   4.14978583333333      -0.268371249993991     
  2.000000000000000E-003   4.44605625000000      -0.263534074057164     
  2.000000000000000E-003   4.74232666666667      -0.257462099660144     
  2.000000000000000E-003   5.03859708333333      -0.250683136465220     
  2.000000000000000E-003   5.33486750000000      -0.243879228903263     
  2.000000000000000E-003   5.63113791666667      -0.237550453470320     
  2.000000000000000E-003   5.92740833333333      -0.231961665636243     
  2.000000000000000E-003   6.22367875000000      -0.227079998305901     
  2.000000000000000E-003   6.51994916666667      -0.222507387663173     
  2.000000000000000E-003   6.81621958333333      -0.216767032153870     
  2.000000000000000E-003   7.11249000000000      -0.207772245811830     
  0.298270416666667       2.000000000000000E-003 -0.197639271415955     
  0.298270416666667       0.298270416666667      -0.209095948994214     
  0.298270416666667       0.594540833333333      -0.217734791962405     
  0.298270416666667       0.890811250000000      -0.225176746970507     
  0.298270416666667        1.18708166666667      -0.233343809447685     
  0.298270416666667        1.48335208333333      -0.242642767247343     
  0.298270416666667        1.77962250000000      -0.252915006558109     
  0.298270416666667        2.07589291666667      -0.263727231044873     
  0.298270416666667        2.37216333333333      -0.274326424318907     
  0.298270416666667        2.66843375000000      -0.283899399932203     
  0.298270416666667        2.96470416666667      -0.291799675851541     
  0.298270416666667        3.26097458333333      -0.297241017458957     
  0.298270416666667        3.55724500000000      -0.299562349511986     
  0.298270416666667        3.85351541666667      -0.298507493371753     
  0.298270416666667        4.14978583333333      -0.294341815930316     
  0.298270416666667        4.44605625000000      -0.287744009172746     
  0.298270416666667        4.74232666666667      -0.279526450052971     
  0.298270416666667        5.03859708333333      -0.270362737679184     
  0.298270416666667        5.33486750000000      -0.261090586571895     
  0.298270416666667        5.63113791666667      -0.252442831261590     
  0.298270416666667        5.92740833333333      -0.244811104769139     
  0.298270416666667        6.22367875000000      -0.238298455265457     
  0.298270416666667        6.51994916666667      -0.232491782743488     
  0.298270416666667        6.81621958333333      -0.225805352244240     
  0.298270416666667        7.11249000000000      -0.216849323379136     
  0.594540833333333       2.000000000000000E-003 -0.205657045469302     
  0.594540833333333       0.298270416666667      -0.217740414652947     
  0.594540833333333       0.594540833333333      -0.227661834489025     
  0.594540833333333       0.890811250000000      -0.237144659745906     
  0.594540833333333        1.18708166666667      -0.247744353877916     
  0.594540833333333        1.48335208333333      -0.259884203922911     
  0.594540833333333        1.77962250000000      -0.273318852174531     
  0.594540833333333        2.07589291666667      -0.287463882058625     
  0.594540833333333        2.37216333333333      -0.301339616234257     
  0.594540833333333        2.66843375000000      -0.313915632897386     
  0.594540833333333        2.96470416666667      -0.324293220902869     
  0.594540833333333        3.26097458333333      -0.331363251243438     
  0.594540833333333        3.55724500000000      -0.334217214517517     
  0.594540833333333        3.85351541666667      -0.332505619865130     
  0.594540833333333        4.14978583333333      -0.326588985602365     
  0.594540833333333        4.44605625000000      -0.317393124939644     
  0.594540833333333        4.74232666666667      -0.306051352086604     
  0.594540833333333        5.03859708333333      -0.293487979642004     
  0.594540833333333        5.33486750000000      -0.280748813951554     
  0.594540833333333        5.63113791666667      -0.268776852924384     
  0.594540833333333        5.92740833333333      -0.258093220381432     
  0.594540833333333        6.22367875000000      -0.248873419183234     
  0.594540833333333        6.51994916666667      -0.240724469505294     
  0.594540833333333        6.81621958333333      -0.232481303312424     
  0.594540833333333        7.11249000000000      -0.222652304927058     
  0.890811250000000       2.000000000000000E-003 -0.212324188148396     
  0.890811250000000       0.298270416666667      -0.225125205444780     
  0.890811250000000       0.594540833333333      -0.237136129103497     
  0.890811250000000       0.890811250000000      -0.249552278890449     
  0.890811250000000        1.18708166666667      -0.263559849162336     
  0.890811250000000        1.48335208333333      -0.279561409253610     
  0.890811250000000        1.77962250000000      -0.297350600318360     
  0.890811250000000        2.07589291666667      -0.316190846217981     
  0.890811250000000        2.37216333333333      -0.334721258433695     
  0.890811250000000        2.66843375000000      -0.351790180953026     
  0.890811250000000        2.96470416666667      -0.365952953126726     
  0.890811250000000        3.26097458333333      -0.375549986854608     
  0.890811250000000        3.55724500000000      -0.379255438864254     
  0.890811250000000        3.85351541666667      -0.376563835500396     
  0.890811250000000        4.14978583333333      -0.367994725129434     
  0.890811250000000        4.44605625000000      -0.354890969230893     
  0.890811250000000        4.74232666666667      -0.338932455254552     
  0.890811250000000        5.03859708333333      -0.321585224526551     
  0.890811250000000        5.33486750000000      -0.304012948056817     
  0.890811250000000        5.63113791666667      -0.287533795036856     
  0.890811250000000        5.92740833333333      -0.272823335310765     
  0.890811250000000        6.22367875000000      -0.260051753634769     
  0.890811250000000        6.51994916666667      -0.248881488272890     
  0.890811250000000        6.81621958333333      -0.238347577067174     
  0.890811250000000        7.11249000000000      -0.227274354982408     
   1.18708166666667       2.000000000000000E-003 -0.219171609023582     
   1.18708166666667       0.298270416666667      -0.233238697419446     
   1.18708166666667       0.594540833333333      -0.247703336596321     
   1.18708166666667       0.890811250000000      -0.263544896386534     
   1.18708166666667        1.18708166666667      -0.281725357144258     
   1.18708166666667        1.48335208333333      -0.302676299064609     
   1.18708166666667        1.77962250000000      -0.326225172671795     
   1.18708166666667        2.07589291666667      -0.351409006654658     
   1.18708166666667        2.37216333333333      -0.376685944668332     
   1.18708166666667        2.66843375000000      -0.400475128394796     
   1.18708166666667        2.96470416666667      -0.420449219628259     
   1.18708166666667        3.26097458333333      -0.434016098826996     
   1.18708166666667        3.55724500000000      -0.439097788253784     
   1.18708166666667        3.85351541666667      -0.434897493610662     
   1.18708166666667        4.14978583333333      -0.422230737773803     
   1.18708166666667        4.44605625000000      -0.403192083626431     
   1.18708166666667        4.74232666666667      -0.380387739185560     
   1.18708166666667        5.03859708333333      -0.356157578098265     
   1.18708166666667        5.33486750000000      -0.332093496965314     
   1.18708166666667        5.63113791666667      -0.309706257872049     
   1.18708166666667        5.92740833333333      -0.289904168901318     
   1.18708166666667        6.22367875000000      -0.272843357675720     
   1.18708166666667        6.51994916666667      -0.258139442407733     
   1.18708166666667        6.81621958333333      -0.244919163448769     
   1.18708166666667        7.11249000000000      -0.232186387039821     
   1.48335208333333       2.000000000000000E-003 -0.226638266020086     
   1.48335208333333       0.298270416666667      -0.242507249871232     
   1.48335208333333       0.594540833333333      -0.259814393986260     
   1.48335208333333       0.890811250000000      -0.279528300522812     
   1.48335208333333        1.18708166666667      -0.302663426459682     
   1.48335208333333        1.48335208333333      -0.329807492375446     
   1.48335208333333        1.77962250000000      -0.360788725443171     
   1.48335208333333        2.07589291666667      -0.394485656437978     
   1.48335208333333        2.37216333333333      -0.429484458218754     
   1.48335208333333        2.66843375000000      -0.463302390295643     
   1.48335208333333        2.96470416666667      -0.492309166111231     
   1.48335208333333        3.26097458333333      -0.512347823390960     
   1.48335208333333        3.55724500000000      -0.519740870938697     
   1.48335208333333        3.85351541666667      -0.513087924300919     
   1.48335208333333        4.14978583333333      -0.493815943296130     
   1.48335208333333        4.44605625000000      -0.465621442329459     
   1.48335208333333        4.74232666666667      -0.432665250791869     
   1.48335208333333        5.03859708333333      -0.398577401193123     
   1.48335208333333        5.33486750000000      -0.365841079407292     
   1.48335208333333        5.63113791666667      -0.335865390072735     
   1.48335208333333        5.92740833333333      -0.309727012271343     
   1.48335208333333        6.22367875000000      -0.287580148747509     
   1.48335208333333        6.51994916666667      -0.268859989021772     
   1.48335208333333        6.81621958333333      -0.252587645035787     
   1.48335208333333        7.11249000000000      -0.237786531135722     
   1.77962250000000       2.000000000000000E-003 -0.234757701551090     
   1.77962250000000       0.298270416666667      -0.252770270790865     
   1.77962250000000       0.594540833333333      -0.273233417109149     
   1.77962250000000       0.890811250000000      -0.297303810687809     
   1.77962250000000        1.18708166666667      -0.326201824514472     
   1.77962250000000        1.48335208333333      -0.360779642503169     
   1.77962250000000        1.77962250000000      -0.400988444546414     
   1.77962250000000        2.07589291666667      -0.446328576481017     
   1.77962250000000        2.37216333333333      -0.495131206118641     
   1.77962250000000        2.66843375000000      -0.544133822246460     
   1.77962250000000        2.96470416666667      -0.587855585559349     
   1.77962250000000        3.26097458333333      -0.618981235608817     
   1.77962250000000        3.55724500000000      -0.630531467657797     
   1.77962250000000        3.85351541666667      -0.619571691122948     
   1.77962250000000        4.14978583333333      -0.589072375886113     
   1.77962250000000        4.44605625000000      -0.546032550680484     
   1.77962250000000        4.74232666666667      -0.497769537163449     
   1.77962250000000        5.03859708333333      -0.449753158873220     
   1.77962250000000        5.33486750000000      -0.405227034696948     
   1.77962250000000        5.63113791666667      -0.365855295155872     
   1.77962250000000        5.92740833333333      -0.332130318543114     
   1.77962250000000        6.22367875000000      -0.304079303732264     
   1.77962250000000        6.51994916666667      -0.280854013005624     
   1.77962250000000        6.81621958333333      -0.261249593638364     
   1.77962250000000        7.11249000000000      -0.244108900215583     
   2.07589291666667       2.000000000000000E-003 -0.243254773586354     
   2.07589291666667       0.298270416666667      -0.263589669776915     
   2.07589291666667       0.594540833333333      -0.287375724547932     
   2.07589291666667       0.890811250000000      -0.316137533642614     
   2.07589291666667        1.18708166666667      -0.351378675024657     
   2.07589291666667        1.48335208333333      -0.394470194113945     
   2.07589291666667        1.77962250000000      -0.446322490463919     
   2.07589291666667        2.07589291666667      -0.507016566317000     
   2.07589291666667        2.37216333333333      -0.575317614753028     
   2.07589291666667        2.66843375000000      -0.647504999675404     
   2.07589291666667        2.96470416666667      -0.715575054233924     
   2.07589291666667        3.26097458333333      -0.766496251621400     
   2.07589291666667        3.55724500000000      -0.785815871836158     
   2.07589291666667        3.85351541666667      -0.766929126299198     
   2.07589291666667        4.14978583333333      -0.716491139222139     
   2.07589291666667        4.44605625000000      -0.648974962228778     
   2.07589291666667        4.74232666666667      -0.577405041334302     
   2.07589291666667        5.03859708333333      -0.509765620671359     
   2.07589291666667        5.33486750000000      -0.449757998808913     
   2.07589291666667        5.63113791666667      -0.398596650150737     
   2.07589291666667        5.92740833333333      -0.356200458147138     
   2.07589291666667        6.22367875000000      -0.321658271346702     
   2.07589291666667        6.51994916666667      -0.293597046901545     
   2.07589291666667        6.81621958333333      -0.270515657860948     
   2.07589291666667        7.11249000000000      -0.250890049050206     
   2.37216333333333       2.000000000000000E-003 -0.251623688258371     
   2.37216333333333       0.298270416666667      -0.274206930339564     
   2.37216333333333       0.594540833333333      -0.301257915783621     
   2.37216333333333       0.890811250000000      -0.334667459331757     
   2.37216333333333        1.18708166666667      -0.376652324738530     
   2.37216333333333        1.48335208333333      -0.429464952324111     
   2.37216333333333        1.77962250000000      -0.495120438972892     
   2.37216333333333        2.07589291666667      -0.575312501179972     
   2.37216333333333        2.37216333333333      -0.670478076500409     
   2.37216333333333        2.66843375000000      -0.777664628746024     
   2.37216333333333        2.96470416666667      -0.886246207444763     
   2.37216333333333        3.26097458333333      -0.973178216056785     
   2.37216333333333        3.55724500000000       -1.00747973974583     
   2.37216333333333        3.85351541666667      -0.973444269457399     
   2.37216333333333        4.14978583333333      -0.886854966094201     
   2.37216333333333        4.44605625000000      -0.778710194516199     
   2.37216333333333        4.74232666666667      -0.672028193900057     
   2.37216333333333        5.03859708333333      -0.577404482484852     
   2.37216333333333        5.33486750000000      -0.497772643917244     
   2.37216333333333        5.63113791666667      -0.432681193443948     
   2.37216333333333        5.92740833333333      -0.380426329333160     
   2.37216333333333        6.22367875000000      -0.338999005891711     
   2.37216333333333        6.51994916666667      -0.306148402508528     
   2.37216333333333        6.81621958333333      -0.279657150768411     
   2.37216333333333        7.11249000000000      -0.257632830757594     
   2.66843375000000       2.000000000000000E-003 -0.259206955501165     
   2.66843375000000       0.298270416666667      -0.283803003137702     
   2.66843375000000       0.594540833333333      -0.313846233731387     
   2.66843375000000       0.890811250000000      -0.351741471590162     
   2.66843375000000        1.18708166666667      -0.400442547280309     
   2.66843375000000        1.48335208333333      -0.463281629966186     
   2.66843375000000        1.77962250000000      -0.544120003694687     
   2.66843375000000        2.07589291666667      -0.647495576152231     
   2.66843375000000        2.37216333333333      -0.777659010934461     
   2.66843375000000        2.66843375000000      -0.935055219470202     
   2.66843375000000        2.96470416666667       -1.10716555854611     
   2.66843375000000        3.26097458333333       -1.25544905081795     
   2.66843375000000        3.55724500000000       -1.31721702674185     
   2.66843375000000        3.85351541666667       -1.25554299298851     
   2.66843375000000        4.14978583333333       -1.10747864499286     
   2.66843375000000        4.44605625000000      -0.935706127178268     
   2.66843375000000        4.74232666666667      -0.778710708720361     
   2.66843375000000        5.03859708333333      -0.648973128035250     
   2.66843375000000        5.33486750000000      -0.546031792355466     
   2.66843375000000        5.63113791666667      -0.465629910099708     
   2.66843375000000        5.92740833333333      -0.403219498805079     
   2.66843375000000        6.22367875000000      -0.354942027322052     
   2.66843375000000        6.51994916666667      -0.317468261811569     
   2.66843375000000        6.81621958333333      -0.287843677098212     
   2.66843375000000        7.11249000000000      -0.263662249320981     
   2.96470416666667       2.000000000000000E-003 -0.265504857360787     
   2.96470416666667       0.298270416666667      -0.291731617321504     
   2.96470416666667       0.594540833333333      -0.324242373223208     
   2.96470416666667       0.890811250000000      -0.365915726641596     
   2.96470416666667        1.18708166666667      -0.420423218086034     
   2.96470416666667        1.48335208333333      -0.492291251156911     
   2.96470416666667        1.77962250000000      -0.587842299960039     
   2.96470416666667        2.07589291666667      -0.715564064992689     
   2.96470416666667        2.37216333333333      -0.886235919580497     
   2.96470416666667        2.66843375000000       -1.10715694740314     
   2.96470416666667        2.96470416666667       -1.36205101457694     
   2.96470416666667        3.26097458333333       -1.58711552158473     
   2.96470416666667        3.55724500000000       -1.68263666513351     
   2.96470416666667        3.85351541666667       -1.58705043083003     
   2.96470416666667        4.14978583333333       -1.36212550536017     
   2.96470416666667        4.44605625000000       -1.10748574157375     
   2.96470416666667        4.74232666666667      -0.886858831647565     
   2.96470416666667        5.03859708333333      -0.716489459710781     
   2.96470416666667        5.33486750000000      -0.589068485554120     
   2.96470416666667        5.63113791666667      -0.493816868169920     
   2.96470416666667        5.92740833333333      -0.422244755556985     
   2.96470416666667        6.22367875000000      -0.368026055699706     
   2.96470416666667        6.51994916666667      -0.326637226497811     
   2.96470416666667        6.81621958333333      -0.294406130518540     
   2.96470416666667        7.11249000000000      -0.268453695604243     
   3.26097458333333       2.000000000000000E-003 -0.269922555520738     
   3.26097458333333       0.298270416666667      -0.297206435678540     
   3.26097458333333       0.594540833333333      -0.331337245004302     
   3.26097458333333       0.890811250000000      -0.375530877687885     
   3.26097458333333        1.18708166666667      -0.434002688177423     
   3.26097458333333        1.48335208333333      -0.512338149143999     
   3.26097458333333        1.77962250000000      -0.618973512161692     
   3.26097458333333        2.07589291666667      -0.766488931371397     
   3.26097458333333        2.37216333333333      -0.973169487648485     
   3.26097458333333        2.66843375000000       -1.25543713258977     
   3.26097458333333        2.96470416666667       -1.58710206575704     
   3.26097458333333        3.26097458333333       -1.84430953009590     
   3.26097458333333        3.55724500000000       -1.94219051250873     
   3.26097458333333        3.85351541666667       -1.84415860908620     
   3.26097458333333        4.14978583333333       -1.58706471852813     
   3.26097458333333        4.44605625000000       -1.25555544338967     
   3.26097458333333        4.74232666666667      -0.973449514925856     
   3.26097458333333        5.03859708333333      -0.766927386697110     
   3.26097458333333        5.33486750000000      -0.619565861326244     
   3.26097458333333        5.63113791666667      -0.513082990969928     
   3.26097458333333        5.92740833333333      -0.434899206679916     
   3.26097458333333        6.22367875000000      -0.376575284580411     
   3.26097458333333        6.51994916666667      -0.332526196641223     
   3.26097458333333        6.81621958333333      -0.298535738493358     
   3.26097458333333        7.11249000000000      -0.271387947856518     
   3.55724500000000       2.000000000000000E-003 -0.271954292141697     
   3.55724500000000       0.298270416666667      -0.299564986947173     
   3.55724500000000       0.594540833333333      -0.334220703630351     
   3.55724500000000       0.890811250000000      -0.379259410767656     
   3.55724500000000        1.18708166666667      -0.439101496850237     
   3.55724500000000        1.48335208333333      -0.519743575577328     
   3.55724500000000        1.77962250000000      -0.630533152373107     
   3.55724500000000        2.07589291666667      -0.785817059910698     
   3.55724500000000        2.37216333333333       -1.00748122870229     
   3.55724500000000        2.66843375000000       -1.31721966844153     
   3.55724500000000        2.96470416666667       -1.68264013387880     
   3.55724500000000        3.26097458333333       -1.94219248048265     
   3.55724500000000        3.55724500000000       -2.08326068918582     
   3.55724500000000        3.85351541666667       -1.94218927488126     
   3.55724500000000        4.14978583333333       -1.68263580071182     
   3.55724500000000        4.44605625000000       -1.31721801689876     
   3.55724500000000        4.74232666666667       -1.00747936998934     
   3.55724500000000        5.03859708333333      -0.785811893013039     
   3.55724500000000        5.33486750000000      -0.630523743504904     
   3.55724500000000        5.63113791666667      -0.519731401632929     
   3.55724500000000        5.92740833333333      -0.439089101951831     
   3.55724500000000        6.22367875000000      -0.379248759023470     
   3.55724500000000        6.51994916666667      -0.334211640752603     
   3.55724500000000        6.81621958333333      -0.299555900992864     
   3.55724500000000        7.11249000000000      -0.271943532287138     
   3.85351541666667       2.000000000000000E-003 -0.271401901864873     
   3.85351541666667       0.298270416666667      -0.298548259446381     
   3.85351541666667       0.594540833333333      -0.332539854244459     
   3.85351541666667       0.890811250000000      -0.376592173706168     
   3.85351541666667        1.18708166666667      -0.434919220661563     
   3.85351541666667        1.48335208333333      -0.513103264397265     
   3.85351541666667        1.77962250000000      -0.619582461960834     
   3.85351541666667        2.07589291666667      -0.766938081216729     
   3.85351541666667        2.37216333333333      -0.973455139105096     
   3.85351541666667        2.66843375000000       -1.25555944276403     
   3.85351541666667        2.96470416666667       -1.58707015102424     
   3.85351541666667        3.26097458333333       -1.84416262034486     
   3.85351541666667        3.55724500000000       -1.94219154779254     
   3.85351541666667        3.85351541666667       -1.84430663444598     
   3.85351541666667        4.14978583333333       -1.58710130300910     
   3.85351541666667        4.44605625000000       -1.25543904044645     
   3.85351541666667        4.74232666666667      -0.973171217059451     
   3.85351541666667        5.03859708333333      -0.766488507547878     
   3.85351541666667        5.33486750000000      -0.618970490895636     
   3.85351541666667        5.63113791666667      -0.512333358569603     
   3.85351541666667        5.92740833333333      -0.433997630247450     
   3.85351541666667        6.22367875000000      -0.375526686737970     
   3.85351541666667        6.51994916666667      -0.331333302459034     
   3.85351541666667        6.81621958333333      -0.297201382596974     
   3.85351541666667        7.11249000000000      -0.269915402659449     
   4.14978583333333       2.000000000000000E-003 -0.268467395666488     
   4.14978583333333       0.298270416666667      -0.294418171068609     
   4.14978583333333       0.594540833333333      -0.326650984221481     
   4.14978583333333       0.890811250000000      -0.368044068965720     
   4.14978583333333        1.18708166666667      -0.422266944894540     
   4.14978583333333        1.48335208333333      -0.493839881873024     
   4.14978583333333        1.77962250000000      -0.589087592056210     
   4.14978583333333        2.07589291666667      -0.716501800551200     
   4.14978583333333        2.37216333333333      -0.886865100763658     
   4.14978583333333        2.66843375000000       -1.10748941990295     
   4.14978583333333        2.96470416666667       -1.36212981991949     
   4.14978583333333        3.26097458333333       -1.58705527230187     
   4.14978583333333        3.55724500000000       -1.68263981319912     
   4.14978583333333        3.85351541666667       -1.58711765080498     
   4.14978583333333        4.14978583333333       -1.36205369415846     
   4.14978583333333        4.44605625000000       -1.10716007929666     
   4.14978583333333        4.74232666666667      -0.886237557265415     
   4.14978583333333        5.03859708333333      -0.715563531909372     
   4.14978583333333        5.33486750000000      -0.587839799192656     
   4.14978583333333        5.63113791666667      -0.492287610678308     
   4.14978583333333        5.92740833333333      -0.420419889029759     
   4.14978583333333        6.22367875000000      -0.365913551812215     
   4.14978583333333        6.51994916666667      -0.324240339683106     
   4.14978583333333        6.81621958333333      -0.291728161080364     
   4.14978583333333        7.11249000000000      -0.265499015391280     
   4.44605625000000       2.000000000000000E-003 -0.263671409296534     
   4.44605625000000       0.298270416666667      -0.287850436809669     
   4.44605625000000       0.594540833333333      -0.317476187983924     
   4.44605625000000       0.890811250000000      -0.354954022461901     
   4.44605625000000        1.18708166666667      -0.403235807737472     
   4.44605625000000        1.48335208333333      -0.465647504547100     
   4.44605625000000        1.77962250000000      -0.546045945689439     
   4.44605625000000        2.07589291666667      -0.648980976099334     
   4.44605625000000        2.37216333333333      -0.778712809707956     
   4.44605625000000        2.66843375000000      -0.935705786357648     
   4.44605625000000        2.96470416666667       -1.10747949130971     
   4.44605625000000        3.26097458333333       -1.25554625275068     
   4.44605625000000        3.55724500000000       -1.31722108063967     
   4.44605625000000        3.85351541666667       -1.25545339613206     
   4.44605625000000        4.14978583333333       -1.10716874659883     
   4.44605625000000        4.44605625000000      -0.935055821188822     
   4.44605625000000        4.74232666666667      -0.777655938418407     
   4.44605625000000        5.03859708333333      -0.647488720601153     
   4.44605625000000        5.33486750000000      -0.544110476005280     
   4.44605625000000        5.63113791666667      -0.463271012847997     
   4.44605625000000        5.92740833333333      -0.400433611458825     
   4.44605625000000        6.22367875000000      -0.351735272418896     
   4.44605625000000        6.51994916666667      -0.313841522102419     
   4.44605625000000        6.81621958333333      -0.283797653481054     
   4.44605625000000        7.11249000000000      -0.259199400073953     
   4.74232666666667       2.000000000000000E-003 -0.257635480990427     
   4.74232666666667       0.298270416666667      -0.279656125197317     
   4.74232666666667       0.594540833333333      -0.306146911354778     
   4.74232666666667       0.890811250000000      -0.339000063443642     
   4.74232666666667        1.18708166666667      -0.380430773842882     
   4.74232666666667        1.48335208333333      -0.432687133596864     
   4.74232666666667        1.77962250000000      -0.497776231452013     
   4.74232666666667        2.07589291666667      -0.577403225764860     
   4.74232666666667        2.37216333333333      -0.672022549610549     
   4.74232666666667        2.66843375000000      -0.778703110339706     
   4.74232666666667        2.96470416666667      -0.886849787786638     
   4.74232666666667        3.26097458333333      -0.973442756799005     
   4.74232666666667        3.55724500000000       -1.00748113512211     
   4.74232666666667        3.85351541666667      -0.973180579631529     
   4.74232666666667        4.14978583333333      -0.886246719783955     
   4.74232666666667        4.44605625000000      -0.777660634723084     
   4.74232666666667        4.74232666666667      -0.670467669008705     
   4.74232666666667        5.03859708333333      -0.575295703338187     
   4.74232666666667        5.33486750000000      -0.495099021300626     
   4.74232666666667        5.63113791666667      -0.429442508769204     
   4.74232666666667        5.92740833333333      -0.376633392408713     
   4.74232666666667        6.22367875000000      -0.334653637472566     
   4.74232666666667        6.51994916666667      -0.301247902263766     
   4.74232666666667        6.81621958333333      -0.274197873574808     
   4.74232666666667        7.11249000000000      -0.251612919098270     
   5.03859708333333       2.000000000000000E-003 -0.250888033059785     
   5.03859708333333       0.298270416666667      -0.270508713597615     
   5.03859708333333       0.594540833333333      -0.293587259515310     
   5.03859708333333       0.890811250000000      -0.321648465277194     
   5.03859708333333        1.18708166666667      -0.356192538977894     
   5.03859708333333        1.48335208333333      -0.398590259625902     
   5.03859708333333        1.77962250000000      -0.449750855287931     
   5.03859708333333        2.07589291666667      -0.509755548905325     
   5.03859708333333        2.37216333333333      -0.577392058530912     
   5.03859708333333        2.66843375000000      -0.648961315476056     
   5.03859708333333        2.96470416666667      -0.716479895374324     
   5.03859708333333        3.26097458333333      -0.766922169325123     
   5.03859708333333        3.55724500000000      -0.785813254945110     
   5.03859708333333        3.85351541666667      -0.766495666315038     
   5.03859708333333        4.14978583333333      -0.715572977180964     
   5.03859708333333        4.44605625000000      -0.647497229051870     
   5.03859708333333        4.74232666666667      -0.575301230896250     
   5.03859708333333        5.03859708333333      -0.506991041537155     
   5.03859708333333        5.33486750000000      -0.446290207601560     
   5.03859708333333        5.63113791666667      -0.394437502453662     
   5.03859708333333        5.92740833333333      -0.351350975989237     
   5.03859708333333        6.22367875000000      -0.316117081732299     
   5.03859708333333        6.51994916666667      -0.287361437764344     
   5.03859708333333        6.81621958333333      -0.263578120426264     
   5.03859708333333        7.11249000000000      -0.243242317583405     
   5.33486750000000       2.000000000000000E-003 -0.244104780569929     
   5.33486750000000       0.298270416666667      -0.261240698157700     
   5.33486750000000       0.594540833333333      -0.280840912827814     
   5.33486750000000       0.890811250000000      -0.304063779663272     
   5.33486750000000        1.18708166666667      -0.332114929133252     
   5.33486750000000        1.48335208333333      -0.365841782091995     
   5.33486750000000        1.77962250000000      -0.405214585112560     
   5.33486750000000        2.07589291666667      -0.449739801585163     
   5.33486750000000        2.37216333333333      -0.497754197522742     
   5.33486750000000        2.66843375000000      -0.546016278057224     
   5.33486750000000        2.96470416666667      -0.589057601871480     
   5.33486750000000        3.26097458333333      -0.619560849751167     
   5.33486750000000        3.55724500000000      -0.630525515744047     
   5.33486750000000        3.85351541666667      -0.618978706264191     
   5.33486750000000        4.14978583333333      -0.587852722977549     
   5.33486750000000        4.44605625000000      -0.544125626307880     
   5.33486750000000        4.74232666666667      -0.495113422054394     
   5.33486750000000        5.03859708333333      -0.446300029886126     
   5.33486750000000        5.33486750000000      -0.400953094482033     
   5.33486750000000        5.63113791666667      -0.360743878636902     
   5.33486750000000        5.92740833333333      -0.326171235131202     
   5.33486750000000        6.22367875000000      -0.297280918358495     
   5.33486750000000        6.51994916666667      -0.273217317708223     
   5.33486750000000        6.81621958333333      -0.252757620104602     
   5.33486750000000        7.11249000000000      -0.234744607244206     
   5.63113791666667       2.000000000000000E-003 -0.237781551340806     
   5.63113791666667       0.298270416666667      -0.252579888216882     
   5.63113791666667       0.594540833333333      -0.268848412951146     
   5.63113791666667       0.890811250000000      -0.287565249594728     
   5.63113791666667        1.18708166666667      -0.309711533272033     
   5.63113791666667        1.48335208333333      -0.335852331306980     
   5.63113791666667        1.77962250000000      -0.365831102484906     
   5.63113791666667        2.07589291666667      -0.398568372839730     
   5.63113791666667        2.37216333333333      -0.432654651470228     
   5.63113791666667        2.66843375000000      -0.465608566831825     
   5.63113791666667        2.96470416666667      -0.493802328264061     
   5.63113791666667        3.26097458333333      -0.513076560092495     
   5.63113791666667        3.55724500000000      -0.519734121958536     
   5.63113791666667        3.85351541666667      -0.512345483994978     
   5.63113791666667        4.14978583333333      -0.492308197666054     
   5.63113791666667        4.44605625000000      -0.463297685670190     
   5.63113791666667        4.74232666666667      -0.429471462465472     
   5.63113791666667        5.03859708333333      -0.394463213736841     
   5.63113791666667        5.33486750000000      -0.360759719612895     
   5.63113791666667        5.63113791666667      -0.329777239357409     
   5.63113791666667        5.92740833333333      -0.302636632694883     
   5.63113791666667        6.22367875000000      -0.279507894464256     
   5.63113791666667        6.51994916666667      -0.259799980161205     
   5.63113791666667        6.81621958333333      -0.242495523945206     
   5.63113791666667        7.11249000000000      -0.226625374081646     
   5.92740833333333       2.000000000000000E-003 -0.232180512375726     
   5.92740833333333       0.298270416666667      -0.244914269817894     
   5.92740833333333       0.594540833333333      -0.258132149857418     
   5.92740833333333       0.890811250000000      -0.272832755028038     
   5.92740833333333        1.18708166666667      -0.289893413271667     
   5.92740833333333        1.48335208333333      -0.309699188955275     
   5.92740833333333        1.77962250000000      -0.332091291851896     
   5.92740833333333        2.07589291666667      -0.356157807654436     
   5.92740833333333        2.37216333333333      -0.380386441101280     
   5.92740833333333        2.66843375000000      -0.403186919744939     
   5.92740833333333        2.96470416666667      -0.422222394347505     
   5.92740833333333        3.26097458333333      -0.434889070207825     
   5.92740833333333        3.55724500000000      -0.439092803460371     
   5.92740833333333        3.85351541666667      -0.434016075979936     
   5.92740833333333        4.14978583333333      -0.420452467886434     
   5.92740833333333        4.44605625000000      -0.400477371573810     
   5.92740833333333        4.74232666666667      -0.376682758287008     
   5.92740833333333        5.03859708333333      -0.351398334038749     
   5.92740833333333        5.33486750000000      -0.326208422080328     
   5.92740833333333        5.63113791666667      -0.302656907636952     
   5.92740833333333        5.92740833333333      -0.281707560948560     
   5.92740833333333        6.22367875000000      -0.263531871293882     
   5.92740833333333        6.51994916666667      -0.247694836186852     
   5.92740833333333        6.81621958333333      -0.233230756188490     
   5.92740833333333        7.11249000000000      -0.219159850000863     
   6.22367875000000       2.000000000000000E-003 -0.227266895964851     
   6.22367875000000       0.298270416666667      -0.238346517564410     
   6.22367875000000       0.594540833333333      -0.248878468758702     
   6.22367875000000       0.890811250000000      -0.260044968585797     
   6.22367875000000        1.18708166666667      -0.272817375467225     
   6.22367875000000        1.48335208333333      -0.287533106000487     
   6.22367875000000        1.77962250000000      -0.304018537586848     
   6.22367875000000        2.07589291666667      -0.321594052191417     
   6.22367875000000        2.37216333333333      -0.338939516384702     
   6.22367875000000        2.66843375000000      -0.354893000385685     
   6.22367875000000        2.96470416666667      -0.367991702816572     
   6.22367875000000        3.26097458333333      -0.376558848205875     
   6.22367875000000        3.55724500000000      -0.379252728182438     
   6.22367875000000        3.85351541666667      -0.375552357304009     
   6.22367875000000        4.14978583333333      -0.365960055601156     
   6.22367875000000        4.44605625000000      -0.351798714253150     
   6.22367875000000        4.74232666666667      -0.334727043426389     
   6.22367875000000        5.03859708333333      -0.316191363272961     
   6.22367875000000        5.33486750000000      -0.297345864755810     
   6.22367875000000        5.63113791666667      -0.279553397629195     
   6.22367875000000        5.92740833333333      -0.263552385759940     
   6.22367875000000        6.22367875000000      -0.249549066561387     
   6.22367875000000        6.51994916666667      -0.237137231791620     
   6.22367875000000        6.81621958333333      -0.225124323373729     
   6.22367875000000        7.11249000000000      -0.212313839303342     
   6.51994916666667       2.000000000000000E-003 -0.222643163061990     
   6.51994916666667       0.298270416666667      -0.232483336671395     
   6.51994916666667       0.594540833333333      -0.240721389053341     
   6.51994916666667       0.890811250000000      -0.248866537970298     
   6.51994916666667        1.18708166666667      -0.258088875888149     
   6.51994916666667        1.48335208333333      -0.268778899686601     
   6.51994916666667        1.77962250000000      -0.280757482287749     
   6.51994916666667        2.07589291666667      -0.293499915091085     
   6.51994916666667        2.37216333333333      -0.306061407878886     
   6.51994916666667        2.66843375000000      -0.317397809229068     
   6.51994916666667        2.96470416666667      -0.326588084654505     
   6.51994916666667        3.26097458333333      -0.332502021873645     
   6.51994916666667        3.55724500000000      -0.334215140444187     
   6.51994916666667        3.85351541666667      -0.331365738963232     
   6.51994916666667        4.14978583333333      -0.324300699079630     
   6.51994916666667        4.44605625000000      -0.313925748764867     
   6.51994916666667        4.74232666666667      -0.301348910488784     
   6.51994916666667        5.03859708333333      -0.287469886685813     
   6.51994916666667        5.33486750000000      -0.273320716804822     
   6.51994916666667        5.63113791666667      -0.259883002259698     
   6.51994916666667        5.92740833333333      -0.247743434342793     
   6.51994916666667        6.22367875000000      -0.237148726831775     
   6.51994916666667        6.51994916666667      -0.227672812974237     
   6.51994916666667        6.81621958333333      -0.217749208044735     
   6.51994916666667        7.11249000000000      -0.205647847587459     
   6.81621958333333       2.000000000000000E-003 -0.216840741135093     
   6.81621958333333       0.298270416666667      -0.225801623706569     
   6.81621958333333       0.594540833333333      -0.232482420283713     
   6.81621958333333       0.890811250000000      -0.238289413419900     
   6.81621958333333        1.18708166666667      -0.244806001148141     
   6.81621958333333        1.48335208333333      -0.252443405433044     
   6.81621958333333        1.77962250000000      -0.261096412881288     
   6.81621958333333        2.07589291666667      -0.270370920867605     
   6.81621958333333        2.37216333333333      -0.279532849194456     
   6.81621958333333        2.66843375000000      -0.287745925705414     
   6.81621958333333        2.96470416666667      -0.294339202291499     
   6.81621958333333        3.26097458333333      -0.298502587805395     
   6.81621958333333        3.55724500000000      -0.299558559292458     
   6.81621958333333        3.85351541666667      -0.297240772899101     
   6.81621958333333        4.14978583333333      -0.291803476463627     
   6.81621958333333        4.44605625000000      -0.283905572861574     
   6.81621958333333        4.74232666666667      -0.274332544120090     
   6.81621958333333        5.03859708333333      -0.263731510685082     
   6.81621958333333        5.33486750000000      -0.252916432108068     
   6.81621958333333        5.63113791666667      -0.242641529714456     
   6.81621958333333        5.92740833333333      -0.233342097111741     
   6.81621958333333        6.22367875000000      -0.225178958830338     
   6.81621958333333        6.51994916666667      -0.217745107922952     
   6.81621958333333        6.81621958333333      -0.209107836896533     
   6.81621958333333        7.11249000000000      -0.197631233128260     
   7.11249000000000       2.000000000000000E-003 -0.207766388012936     
   7.11249000000000       0.298270416666667      -0.216760063354083     
   7.11249000000000       0.594540833333333      -0.222501459491491     
   7.11249000000000       0.890811250000000      -0.227073711859977     
   7.11249000000000        1.18708166666667      -0.231956186352484     
   7.11249000000000        1.48335208333333      -0.237547200107583     
   7.11249000000000        1.77962250000000      -0.243878377249940     
   7.11249000000000        2.07589291666667      -0.250683177522168     
   7.11249000000000        2.37216333333333      -0.257460879219108     
   7.11249000000000        2.66843375000000      -0.263530310603923     
   7.11249000000000        2.96470416666667      -0.268365018811387     
   7.11249000000000        3.26097458333333      -0.271344315055007     
   7.11249000000000        3.55724500000000      -0.271945800998702     
   7.11249000000000        3.85351541666667      -0.269963965998763     
   7.11249000000000        4.14978583333333      -0.265593392258255     
   7.11249000000000        4.44605625000000      -0.259337489296489     
   7.11249000000000        4.74232666666667      -0.251790568047592     
   7.11249000000000        5.03859708333333      -0.243453567963186     
   7.11249000000000        5.33486750000000      -0.234977510431192     
   7.11249000000000        5.63113791666667      -0.226864106594804     
   7.11249000000000        5.92740833333333      -0.219386078793128     
   7.11249000000000        6.22367875000000      -0.212507811703753     
   7.11249000000000        6.51994916666667      -0.205790523777229     
   7.11249000000000        6.81621958333333      -0.197711086845654     
   7.11249000000000        7.11249000000000      -0.186634902850784     
